//-----------------------------------------------------
//此文件由MuEdit工具生成 (版权所有：飞拓联创)
//生成时间：2021年5月30日23时20分16秒
//官方网站：http://www.e89e.com
//在线服务：[QQ]4291818
//ItemSetoption.txt
//-----------------------------------------------------

//link Index name (KOR) option 2-1 Value option 2-2 Value option 3-1 Value option 3-2 Value option 4-1 Value option 4-2 Value option 5-1 Value option 5-2 Value option 6-1 Value option 6-2 Value option 7-1 Value option 7-2 Value option 8 Value option 9 Value Full 1 Value Full 2 Value Full 3 Value Full 4 Value Full 5 Value

1	"白银的"	0	100	-1	-1	3	100	2	100	5	100	6	100	20	10	-1	-1	-1	-1	-1	-1	-1	-1	-1	-1	-1	-1	-1	-1	21	10	15	10	17	10	8	100	-1	-1	0	0	0	0	0	0
2	"白银的"	0	100	-1	-1	3	100	3	100	5	100	6	100	20	10	-1	-1	-1	-1	-1	-1	-1	-1	-1	-1	-1	-1	-1	-1	21	10	15	10	17	10	8	100	-1	-1	0	0	0	0	0	0
3	"白银的"	0	100	-1	-1	3	100	2	100	5	100	6	100	20	10	-1	-1	-1	-1	-1	-1	-1	-1	-1	-1	-1	-1	-1	-1	21	10	15	10	17	10	8	100	-1	-1	0	0	0	0	0	0
4	"白银的"	0	100	-1	-1	3	100	2	100	5	100	6	100	20	10	-1	-1	-1	-1	-1	-1	-1	-1	-1	-1	-1	-1	-1	-1	21	10	15	10	17	10	8	100	-1	-1	0	0	0	0	0	0
5	"白银的"	0	100	-1	-1	3	100	2	100	5	100	6	100	20	10	-1	-1	-1	-1	-1	-1	-1	-1	-1	-1	-1	-1	-1	-1	21	10	15	10	17	10	8	100	-1	-1	0	0	0	0	0	0
6	"白银的"	0	100	-1	-1	3	100	2	100	19	100	7	10	20	10	-1	-1	-1	-1	-1	-1	-1	-1	-1	-1	-1	-1	-1	-1	21	10	15	10	17	10	8	100	-1	-1	0	0	0	0	0	0
7	"白银的"	0	100	-1	-1	3	100	2	100	19	100	7	10	20	10	-1	-1	-1	-1	-1	-1	-1	-1	-1	-1	-1	-1	-1	-1	21	10	15	10	17	10	8	100	-1	-1	0	0	0	0	0	0
8	"白银的"	0	100	-1	-1	3	100	2	100	19	100	7	10	20	10	-1	-1	-1	-1	-1	-1	-1	-1	-1	-1	-1	-1	-1	-1	21	10	15	10	17	10	8	100	-1	-1	0	0	0	0	0	0
9	"白银的"	0	100	-1	-1	3	100	2	100	5	100	6	100	20	10	-1	-1	-1	-1	-1	-1	-1	-1	-1	-1	-1	-1	-1	-1	21	10	15	10	17	10	8	100	-1	-1	0	0	0	0	0	0
10	"白银的"	0	100	-1	-1	3	100	2	100	5	100	6	100	20	10	-1	-1	-1	-1	-1	-1	-1	-1	-1	-1	-1	-1	-1	-1	21	10	15	10	17	10	8	100	-1	-1	0	0	0	0	0	0
11	"白银的"	0	100	-1	-1	3	100	2	100	19	100	7	10	20	10	-1	-1	-1	-1	-1	-1	-1	-1	-1	-1	-1	-1	-1	-1	21	10	15	10	17	10	8	100	-1	-1	0	0	0	0	0	0
12	"白银的"	0	100	-1	-1	3	100	2	100	5	100	6	100	20	10	-1	-1	-1	-1	-1	-1	-1	-1	-1	-1	-1	-1	-1	-1	21	10	15	10	17	10	8	100	-1	-1	0	0	0	0	0	0
13	"白银的"	0	100	-1	-1	3	100	2	100	19	100	7	10	-1	-1	-1	-1	-1	-1	-1	-1	-1	-1	-1	-1	-1	-1	-1	-1	20	10	21	10	15	10	17	10	8	100	0	0	0	0	0	0
14	"黄金的"	0	100	-1	-1	3	100	3	100	5	100	6	100	20	20	-1	-1	-1	-1	-1	-1	-1	-1	-1	-1	-1	-1	-1	-1	21	20	15	20	17	20	8	100	-1	-1	0	0	0	0	0	0
15	"黄金的"	0	100	-1	-1	3	100	2	100	19	100	7	20	20	20	-1	-1	-1	-1	-1	-1	-1	-1	-1	-1	-1	-1	-1	-1	21	20	15	20	17	20	8	100	-1	-1	0	0	0	0	0	0
16	"黄金的"	0	100	-1	-1	3	100	2	100	5	100	6	100	20	20	-1	-1	-1	-1	-1	-1	-1	-1	-1	-1	-1	-1	-1	-1	21	20	15	20	17	20	8	100	-1	-1	0	0	0	0	0	0
17	"黄金的"	0	100	-1	-1	3	100	2	100	19	100	7	20	20	20	-1	-1	-1	-1	-1	-1	-1	-1	-1	-1	-1	-1	-1	-1	21	20	15	20	17	20	8	100	-1	-1	0	0	0	0	0	0
18	"黄金的"	0	100	-1	-1	3	100	2	100	5	100	6	100	20	20	-1	-1	-1	-1	-1	-1	-1	-1	-1	-1	-1	-1	-1	-1	21	20	15	20	17	20	8	100	-1	-1	0	0	0	0	0	0
19	"黄金的"	0	100	-1	-1	3	100	2	100	19	100	7	20	-1	-1	-1	-1	-1	-1	-1	-1	-1	-1	-1	-1	-1	-1	-1	-1	20	20	21	20	15	20	17	20	8	100	0	0	0	0	0	0
20	"钻石的"	0	100	-1	-1	3	100	2	100	5	100	6	100	20	25	-1	-1	-1	-1	-1	-1	-1	-1	-1	-1	-1	-1	-1	-1	21	25	15	25	17	25	8	100	-1	-1	0	0	0	0	0	0
21	"钻石的"	0	100	-1	-1	3	100	2	100	19	100	7	30	20	25	-1	-1	-1	-1	-1	-1	-1	-1	-1	-1	-1	-1	-1	-1	21	25	15	25	17	25	8	100	-1	-1	0	0	0	0	0	0
22	"钻石的"	0	100	-1	-1	3	100	2	100	5	100	6	100	20	25	-1	-1	-1	-1	-1	-1	-1	-1	-1	-1	-1	-1	-1	-1	21	25	15	25	17	25	8	100	-1	-1	0	0	0	0	0	0
23	"钻石的"	0	100	-1	-1	3	100	2	100	19	100	7	25	20	25	-1	-1	-1	-1	-1	-1	-1	-1	-1	-1	-1	-1	-1	-1	21	25	15	25	17	25	8	100	-1	-1	0	0	0	0	0	0
24	"钻石的"	0	100	-1	-1	3	100	2	100	5	100	6	100	20	25	-1	-1	-1	-1	-1	-1	-1	-1	-1	-1	-1	-1	-1	-1	21	25	15	25	17	25	8	100	-1	-1	0	0	0	0	0	0
25	"钻石的"	0	100	-1	-1	3	100	2	100	19	100	7	30	-1	-1	-1	-1	-1	-1	-1	-1	-1	-1	-1	-1	-1	-1	-1	-1	20	25	21	25	15	25	17	20	8	100	0	0	0	0	0	0
//史诗↓
26	"史诗的"	0	100	-1	-1	3	2700	2	100	5	100	6	100	20	30	-1	-1	-1	-1	-1	-1	-1	-1	-1	-1	-1	-1	-1	-1	21	30	15	30	17	30	8	200	-1	-1	0	0	0	0	0	0
27	"史诗的"	0	100	-1	-1	3	2700	2	100	5	100	6	100	20	30	-1	-1	-1	-1	-1	-1	-1	-1	-1	-1	-1	-1	-1	-1	21	30	15	30	17	30	8	200	-1	-1	0	0	0	0	0	0
28	"史诗的"	0	100	-1	-1	3	2700	2	100	19	100	7	30	20	30	-1	-1	-1	-1	-1	-1	-1	-1	-1	-1	-1	-1	-1	-1	21	30	15	30	17	30	8	200	-1	-1	0	0	0	0	0	0
29	"史诗的"	0	100	-1	-1	3	2700	2	100	5	100	6	100	20	30	-1	-1	-1	-1	-1	-1	-1	-1	-1	-1	-1	-1	-1	-1	21	30	15	30	17	30	8	200	-1	-1	0	0	0	0	0	0
30	"史诗的"	0	100	-1	-1	3	2700	2	100	5	100	6	100	20	30	-1	-1	-1	-1	-1	-1	-1	-1	-1	-1	-1	-1	-1	-1	21	30	15	30	17	30	8	200	-1	-1	0	0	0	0	0	0
31	"史诗的"	0	100	-1	-1	3	2700	2	100	19	100	7	30	20	30	-1	-1	-1	-1	-1	-1	-1	-1	-1	-1	-1	-1	-1	-1	21	30	15	30	17	30	8	200	-1	-1	0	0	0	0	0	0
32	"史诗的"	0	100	-1	-1	3	2700	2	100	19	100	7	30	-1	-1	-1	-1	-1	-1	-1	-1	-1	-1	-1	-1	-1	-1	-1	-1	20	30	21	30	15	30	17	30	8	200	0	0	0	0	0	0
33	"史诗的"	0	100	-1	-1	3	2700	2	100	19	100	7	30	-1	-1	-1	-1	-1	-1	-1	-1	-1	-1	-1	-1	-1	-1	-1	-1	20	30	21	30	15	30	17	30	8	200	0	0	0	0	0	0
34	"战神的"	19	100	8	100	-1	-1	-1	-1	-1	-1	-1	-1	-1	-1	-1	-1	-1	-1	-1	-1	-1	-1	-1	-1	-1	-1	-1	-1	20	10	21	10	15	10	17	10	-1	-1	0	0	0	0	0	0
35	"战神的"	7	10	8	100	-1	-1	-1	-1	-1	-1	-1	-1	-1	-1	-1	-1	-1	-1	-1	-1	-1	-1	-1	-1	-1	-1	-1	-1	20	10	21	10	15	10	17	10	-1	-1	0	0	0	0	0	0
36	"战神的"	23	10	8	100	-1	-1	-1	-1	-1	-1	-1	-1	-1	-1	-1	-1	-1	-1	-1	-1	-1	-1	-1	-1	-1	-1	-1	-1	20	10	21	10	15	10	17	10	-1	-1	0	0	0	0	0	0
37	"战神的"	19	100	8	100	-1	-1	-1	-1	-1	-1	-1	-1	-1	-1	-1	-1	-1	-1	-1	-1	-1	-1	-1	-1	-1	-1	-1	-1	20	10	21	10	15	10	17	10	-1	-1	0	0	0	0	0	0
38	"战神的"	7	10	8	100	-1	-1	-1	-1	-1	-1	-1	-1	-1	-1	-1	-1	-1	-1	-1	-1	-1	-1	-1	-1	-1	-1	-1	-1	20	10	21	10	15	10	17	10	-1	-1	0	0	0	0	0	0
39	"战神的"	7	10	8	100	-1	-1	-1	-1	-1	-1	-1	-1	-1	-1	-1	-1	-1	-1	-1	-1	-1	-1	-1	-1	-1	-1	-1	-1	20	10	21	10	15	10	17	10	-1	-1	0	0	0	0	0	0
//黑龙↓
40	"传说的"	0	200	3	5000	2	200	5	200	6	200	20	40	-1	-1	-1	-1	-1	-1	-1	-1	-1	-1	-1	-1	-1	-1	-1	-1	21	40	15	40	17	40	8	200	10	10000	0	0	0	0	0	0
//火麒麟↓
41	"传说的"	0	200	3	5000	2	200	19	200	7	40	20	40	-1	-1	-1	-1	-1	-1	-1	-1	-1	-1	-1	-1	-1	-1	-1	-1	21	40	15	40	17	40	8	2000	10	10000	0	0	0	0	0	0
//圣灵↓
42	"传说的"	0	200	3	5000	2	200	5	200	6	200	20	40	-1	-1	-1	-1	-1	-1	-1	-1	-1	-1	-1	-1	-1	-1	-1	-1	21	40	15	40	17	40	8	2000	10	10000	0	0	0	0	0	0
//神圣↓
43	"传说的"	0	200	3	5000	2	200	5	200	6	200	20	40	-1	-1	-1	-1	-1	-1	-1	-1	-1	-1	-1	-1	-1	-1	-1	-1	21	40	15	40	17	40	8	1500	10	15000	0	0	0	0	0	0
//魔灵↓
44	"传说的"	0	200	3	5000	2	200	19	200	7	40	20	40	-1	-1	-1	-1	-1	-1	-1	-1	-1	-1	-1	-1	-1	-1	-1	-1	21	40	15	40	17	40	8	1000	10	10000	0	0	0	0	0	0
//奔雷↓
45	"传说的"	0	200	3	5000	2	200	19	200	7	40	20	40	-1	-1	-1	-1	-1	-1	-1	-1	-1	-1	-1	-1	-1	-1	-1	-1	21	40	15	40	17	40	8	2000	10	10000	0	0	0	0	0	0
46	"传说降龙的"	19	200	8	1000	-1	-1	-1	-1	-1	-1	-1	-1	-1	-1	-1	-1	-1	-1	-1	-1	-1	-1	-1	-1	-1	-1	-1	-1	20	20	21	20	15	20	17	20	-1	-1	0	0	0	0	0	0
47	"传说亡灵的"	7	20	8	1000	-1	-1	-1	-1	-1	-1	-1	-1	-1	-1	-1	-1	-1	-1	-1	-1	-1	-1	-1	-1	-1	-1	-1	-1	20	20	21	20	15	20	17	20	-1	-1	0	0	0	0	0	0
48	"传说光明的"	23	20	8	1000	-1	-1	-1	-1	-1	-1	-1	-1	-1	-1	-1	-1	-1	-1	-1	-1	-1	-1	-1	-1	-1	-1	-1	-1	20	20	21	20	15	20	17	20	-1	-1	0	0	0	0	0	0
49	"传说黑暗的"	19	200	8	1000	-1	-1	-1	-1	-1	-1	-1	-1	-1	-1	-1	-1	-1	-1	-1	-1	-1	-1	-1	-1	-1	-1	-1	-1	20	20	21	20	15	20	17	20	-1	-1	0	0	0	0	0	0
50	"传说封印的"	7	20	8	1000	-1	-1	-1	-1	-1	-1	-1	-1	-1	-1	-1	-1	-1	-1	-1	-1	-1	-1	-1	-1	-1	-1	-1	-1	20	20	21	20	15	20	17	20	-1	-1	0	0	0	0	0	0
//黑凤凰↓
51	"传说的"	0	200	3	5000	2	200	5	200	6	200	20	40	-1	-1	-1	-1	-1	-1	-1	-1	-1	-1	-1	-1	-1	-1	-1	-1	21	40	15	40	17	40	8	200	10	10000	0	0	0	0	0	0

//战-血色天使↓
52	"传说的"	0	200	3	5000	2	200	5	200	6	200	20	40	-1	-1	-1	-1	-1	-1	-1	-1	-1	-1	-1	-1	-1	-1	-1	-1	21	40	15	40	17	40	8	200	10	10000	0	0	0	0	0	0
//战-灵魂天使↓
53	"传说的"	0	200	3	5000	2	200	5	200	6	200	20	40	-1	-1	-1	-1	-1	-1	-1	-1	-1	-1	-1	-1	-1	-1	-1	-1	21	40	15	40	17	40	8	200	10	10000	0	0	0	0	0	0
//战-湛蓝天使↓
54	"传说的"	0	200	3	5000	2	200	5	200	6	200	20	40	-1	-1	-1	-1	-1	-1	-1	-1	-1	-1	-1	-1	-1	-1	-1	-1	21	40	15	40	17	40	8	200	10	10000	0	0	0	0	0	0
//战-暗黑天使↓
55	"传说的"	0	200	3	5000	2	200	5	200	6	200	20	40	-1	-1	-1	-1	-1	-1	-1	-1	-1	-1	-1	-1	-1	-1	-1	-1	21	40	15	40	17	40	8	200	10	10000	0	0	0	0	0	0
//战-神圣天使↓
56	"传说的"	0	200	3	5000	2	200	5	200	6	200	20	40	-1	-1	-1	-1	-1	-1	-1	-1	-1	-1	-1	-1	-1	-1	-1	-1	21	40	15	40	17	40	8	200	10	10000	0	0	0	0	0	0
//战-帝国↓
57	"传说的"	0	200	3	5000	2	200	5	200	6	200	20	40	-1	-1	-1	-1	-1	-1	-1	-1	-1	-1	-1	-1	-1	-1	-1	-1	21	40	15	40	17	40	8	200	10	10000	0	0	0	0	0	0
//战-圣殿↓
58	"传说的"	0	200	3	5000	2	200	5	200	6	200	20	40	-1	-1	-1	-1	-1	-1	-1	-1	-1	-1	-1	-1	-1	-1	-1	-1	21	40	15	40	17	40	8	200	10	10000	0	0	0	0	0	0
//战-勇气↓
59	"传说的"	0	200	3	5000	2	200	5	200	6	200	20	40	-1	-1	-1	-1	-1	-1	-1	-1	-1	-1	-1	-1	-1	-1	-1	-1	21	40	15	40	17	40	8	200	10	10000	0	0	0	0	0	0
//战-翡翠↓
60	"传说的"	0	200	3	5000	2	200	5	200	6	200	20	40	-1	-1	-1	-1	-1	-1	-1	-1	-1	-1	-1	-1	-1	-1	-1	-1	21	40	15	40	17	40	8	200	10	10000	0	0	0	0	0	0
//战-龙王↓
61	"传说的"	0	200	3	5000	2	200	5	200	6	200	20	40	-1	-1	-1	-1	-1	-1	-1	-1	-1	-1	-1	-1	-1	-1	-1	-1	21	40	15	40	17	40	8	200	10	10000	0	0	0	0	0	0
//战-白金↓
62	"传说的"	0	200	3	5000	2	200	5	200	6	200	20	40	-1	-1	-1	-1	-1	-1	-1	-1	-1	-1	-1	-1	-1	-1	-1	-1	21	40	15	40	17	40	8	200	10	10000	0	0	0	0	0	0
//战-青铜↓
63	"传说的"	0	200	3	5000	2	200	5	200	6	200	20	40	-1	-1	-1	-1	-1	-1	-1	-1	-1	-1	-1	-1	-1	-1	-1	-1	21	40	15	40	17	40	8	200	10	10000	0	0	0	0	0	0
//战-皮↓
64	"传说的"	0	200	3	5000	2	200	5	200	6	200	20	40	-1	-1	-1	-1	-1	-1	-1	-1	-1	-1	-1	-1	-1	-1	-1	-1	21	40	15	40	17	40	8	200	10	10000	0	0	0	0	0	0
//战-咆哮骑士↓
65	"传说的"	0	200	3	5000	2	200	5	200	6	200	20	40	-1	-1	-1	-1	-1	-1	-1	-1	-1	-1	-1	-1	-1	-1	-1	-1	21	40	15	40	17	40	8	200	10	10000	0	0	0	0	0	0
//战-咆哮骑士(新)↓
66	"传说的"	0	200	3	5000	2	200	5	200	6	200	20	50	-1	-1	-1	-1	-1	-1	-1	-1	-1	-1	-1	-1	-1	-1	-1	-1	21	50	15	50	17	50	8	200	10	10000	0	0	0	0	0	0


//法-血色天使↓
70	"传说的"	0	200	3	5000	2	200	19	200	7	40	20	40	-1	-1	-1	-1	-1	-1	-1	-1	-1	-1	-1	-1	-1	-1	-1	-1	21	40	15	40	17	40	8	2000	10	10000	0	0	0	0	0	0
//法-灵魂天使↓
71	"传说的"	0	200	3	5000	2	200	19	200	7	40	20	40	-1	-1	-1	-1	-1	-1	-1	-1	-1	-1	-1	-1	-1	-1	-1	-1	21	40	15	40	17	40	8	2000	10	10000	0	0	0	0	0	0
//法-湛蓝天使↓
72	"传说的"	0	200	3	5000	2	200	19	200	7	40	20	40	-1	-1	-1	-1	-1	-1	-1	-1	-1	-1	-1	-1	-1	-1	-1	-1	21	40	15	40	17	40	8	2000	10	10000	0	0	0	0	0	0
//法-暗黑天使↓
73	"传说的"	0	200	3	5000	2	200	19	200	7	40	20	40	-1	-1	-1	-1	-1	-1	-1	-1	-1	-1	-1	-1	-1	-1	-1	-1	21	40	15	40	17	40	8	2000	10	10000	0	0	0	0	0	0
//法-神圣天使↓
74	"传说的"	0	200	3	5000	2	200	19	200	7	40	20	40	-1	-1	-1	-1	-1	-1	-1	-1	-1	-1	-1	-1	-1	-1	-1	-1	21	40	15	40	17	40	8	2000	10	10000	0	0	0	0	0	0
//法-帝国↓
75	"传说的"	0	200	3	5000	2	200	19	200	7	40	20	40	-1	-1	-1	-1	-1	-1	-1	-1	-1	-1	-1	-1	-1	-1	-1	-1	21	40	15	40	17	40	8	2000	10	10000	0	0	0	0	0	0
//法-圣殿↓
76	"传说的"	0	200	3	5000	2	200	19	200	7	40	20	40	-1	-1	-1	-1	-1	-1	-1	-1	-1	-1	-1	-1	-1	-1	-1	-1	21	40	15	40	17	40	8	2000	10	10000	0	0	0	0	0	0
//法-革↓
77	"传说的"	0	200	3	5000	2	200	19	200	7	40	20	40	-1	-1	-1	-1	-1	-1	-1	-1	-1	-1	-1	-1	-1	-1	-1	-1	21	40	15	40	17	40	8	2000	10	10000	0	0	0	0	0	0
//法-骷髅↓
78	"传说的"	0	200	3	5000	2	200	19	200	7	40	20	40	-1	-1	-1	-1	-1	-1	-1	-1	-1	-1	-1	-1	-1	-1	-1	-1	21	40	15	40	17	40	8	2000	10	10000	0	0	0	0	0	0
//法-传说↓
79	"传说的"	0	200	3	5000	2	200	19	200	7	40	20	40	-1	-1	-1	-1	-1	-1	-1	-1	-1	-1	-1	-1	-1	-1	-1	-1	21	40	15	40	17	40	8	2000	10	10000	0	0	0	0	0	0
//法-咆哮大法师↓
80	"传说的"	0	200	3	5000	2	200	19	200	7	40	20	40	-1	-1	-1	-1	-1	-1	-1	-1	-1	-1	-1	-1	-1	-1	-1	-1	21	40	15	40	17	40	8	2000	10	10000	0	0	0	0	0	0


//弓-血色天使↓
90	"传说的"	0	200	3	5000	2	200	5	200	6	200	20	40	-1	-1	-1	-1	-1	-1	-1	-1	-1	-1	-1	-1	-1	-1	-1	-1	21	40	15	40	17	40	8	2000	10	10000	0	0	0	0	0	0
//弓-灵魂天使↓
91	"传说的"	0	200	3	5000	2	200	5	200	6	200	20	40	-1	-1	-1	-1	-1	-1	-1	-1	-1	-1	-1	-1	-1	-1	-1	-1	21	40	15	40	17	40	8	2000	10	10000	0	0	0	0	0	0
//弓-湛蓝天使↓
92	"传说的"	0	200	3	5000	2	200	5	200	6	200	20	40	-1	-1	-1	-1	-1	-1	-1	-1	-1	-1	-1	-1	-1	-1	-1	-1	21	40	15	40	17	40	8	2000	10	10000	0	0	0	0	0	0
//弓-暗黑天使↓
93	"传说的"	0	200	3	5000	2	200	5	200	6	200	20	40	-1	-1	-1	-1	-1	-1	-1	-1	-1	-1	-1	-1	-1	-1	-1	-1	21	40	15	40	17	40	8	2000	10	10000	0	0	0	0	0	0
//弓-神圣天使↓
94	"传说的"	0	200	3	5000	2	200	5	200	6	200	20	40	-1	-1	-1	-1	-1	-1	-1	-1	-1	-1	-1	-1	-1	-1	-1	-1	21	40	15	40	17	40	8	2000	10	10000	0	0	0	0	0	0
//弓-帝国↓
95	"传说的"	0	200	3	5000	2	200	5	200	6	200	20	40	-1	-1	-1	-1	-1	-1	-1	-1	-1	-1	-1	-1	-1	-1	-1	-1	21	40	15	40	17	40	8	2000	10	10000	0	0	0	0	0	0
//弓-圣殿↓
96	"传说的"	0	200	3	5000	2	200	5	200	6	200	20	40	-1	-1	-1	-1	-1	-1	-1	-1	-1	-1	-1	-1	-1	-1	-1	-1	21	40	15	40	17	40	8	2000	10	10000	0	0	0	0	0	0
//弓-风↓
97	"传说的"	0	200	3	5000	2	200	5	200	6	200	20	40	-1	-1	-1	-1	-1	-1	-1	-1	-1	-1	-1	-1	-1	-1	-1	-1	21	40	15	40	17	40	8	2000	10	10000	0	0	0	0	0	0
//弓-藤↓
98	"传说的"	0	200	3	5000	2	200	5	200	6	200	20	40	-1	-1	-1	-1	-1	-1	-1	-1	-1	-1	-1	-1	-1	-1	-1	-1	21	40	15	40	17	40	8	2000	10	10000	0	0	0	0	0	0
//弓-天蚕↓
99	"传说的"	0	200	3	5000	2	200	5	200	6	200	20	40	-1	-1	-1	-1	-1	-1	-1	-1	-1	-1	-1	-1	-1	-1	-1	-1	21	40	15	40	17	40	8	2000	10	10000	0	0	0	0	0	0
//弓-咆哮精灵↓
100	"传说的"	0	200	3	5000	2	200	5	200	6	200	20	40	-1	-1	-1	-1	-1	-1	-1	-1	-1	-1	-1	-1	-1	-1	-1	-1	21	40	15	40	17	40	8	2000	10	10000	0	0	0	0	0	0


//魔-血色天使↓
110	"传说的"	0	200	3	5000	2	200	19	200	7	40	20	40	-1	-1	-1	-1	-1	-1	-1	-1	-1	-1	-1	-1	-1	-1	-1	-1	21	40	15	40	17	40	8	2000	10	10000	0	0	0	0	0	0
//魔-灵魂天使↓
111	"传说的"	0	200	3	5000	2	200	19	200	7	40	20	40	-1	-1	-1	-1	-1	-1	-1	-1	-1	-1	-1	-1	-1	-1	-1	-1	21	40	15	40	17	40	8	2000	10	10000	0	0	0	0	0	0
//魔-湛蓝天使↓
112	"传说的"	0	200	3	5000	2	200	19	200	7	40	20	40	-1	-1	-1	-1	-1	-1	-1	-1	-1	-1	-1	-1	-1	-1	-1	-1	21	40	15	40	17	40	8	2000	10	10000	0	0	0	0	0	0
//魔-暗黑天使↓
113	"传说的"	0	200	3	5000	2	200	19	200	7	40	20	40	-1	-1	-1	-1	-1	-1	-1	-1	-1	-1	-1	-1	-1	-1	-1	-1	21	40	15	40	17	40	8	2000	10	10000	0	0	0	0	0	0
//魔-神圣天使↓
114	"传说的"	0	200	3	5000	2	200	19	200	7	40	20	40	-1	-1	-1	-1	-1	-1	-1	-1	-1	-1	-1	-1	-1	-1	-1	-1	21	40	15	40	17	40	8	2000	10	10000	0	0	0	0	0	0
//魔-帝国↓
115	"传说的"	0	200	3	5000	2	200	19	200	7	40	20	40	-1	-1	-1	-1	-1	-1	-1	-1	-1	-1	-1	-1	-1	-1	-1	-1	21	40	15	40	17	40	8	2000	10	10000	0	0	0	0	0	0
//魔-圣殿↓
116	"传说的"	0	200	3	5000	2	200	19	200	7	40	20	40	-1	-1	-1	-1	-1	-1	-1	-1	-1	-1	-1	-1	-1	-1	-1	-1	21	40	15	40	17	40	8	2000	10	10000	0	0	0	0	0	0
//魔-巨石↓
117	"传说的"	0	200	3	5000	2	200	19	200	7	40	20	40	-1	-1	-1	-1	-1	-1	-1	-1	-1	-1	-1	-1	-1	-1	-1	-1	21	40	15	40	17	40	8	2000	10	10000	0	0	0	0	0	0
//魔-亚特兰蒂斯↓
118	"传说的"	0	200	3	5000	2	200	19	200	7	40	20	40	-1	-1	-1	-1	-1	-1	-1	-1	-1	-1	-1	-1	-1	-1	-1	-1	21	40	15	40	17	40	8	2000	10	10000	0	0	0	0	0	0
//魔-咆哮魔骑↓
119	"传说的"	0	200	3	5000	2	200	19	200	7	40	20	40	-1	-1	-1	-1	-1	-1	-1	-1	-1	-1	-1	-1	-1	-1	-1	-1	21	40	15	40	17	40	8	2000	10	10000	0	0	0	0	0	0

//圣-血色天使↓
130	"传说的"	0	200	3	5000	2	200	5	200	6	200	20	40	-1	-1	-1	-1	-1	-1	-1	-1	-1	-1	-1	-1	-1	-1	-1	-1	21	40	15	40	17	40	8	1600	10	15000	0	0	0	0	0	0
//圣-灵魂天使↓
131	"传说的"	0	200	3	5000	2	200	5	200	6	200	20	40	-1	-1	-1	-1	-1	-1	-1	-1	-1	-1	-1	-1	-1	-1	-1	-1	21	40	15	40	17	40	8	1600	10	15000	0	0	0	0	0	0
//圣-湛蓝天使↓
132	"传说的"	0	200	3	5000	2	200	5	200	6	200	20	40	-1	-1	-1	-1	-1	-1	-1	-1	-1	-1	-1	-1	-1	-1	-1	-1	21	40	15	40	17	40	8	1600	10	15000	0	0	0	0	0	0
//圣-暗黑天使↓
133	"传说的"	0	200	3	5000	2	200	5	200	6	200	20	40	-1	-1	-1	-1	-1	-1	-1	-1	-1	-1	-1	-1	-1	-1	-1	-1	21	40	15	40	17	40	8	1600	10	15000	0	0	0	0	0	0
//圣-神圣天使↓
134	"传说的"	0	200	3	5000	2	200	5	200	6	200	20	40	-1	-1	-1	-1	-1	-1	-1	-1	-1	-1	-1	-1	-1	-1	-1	-1	21	40	15	40	17	40	8	1600	10	15000	0	0	0	0	0	0
//圣-帝国↓
135	"传说的"	0	200	3	5000	2	200	5	200	6	200	20	40	-1	-1	-1	-1	-1	-1	-1	-1	-1	-1	-1	-1	-1	-1	-1	-1	21	40	15	40	17	40	8	1600	10	15000	0	0	0	0	0	0
//圣-圣殿↓
136	"传说的"	0	200	3	5000	2	200	5	200	6	200	20	40	-1	-1	-1	-1	-1	-1	-1	-1	-1	-1	-1	-1	-1	-1	-1	-1	21	40	15	40	17	40	8	1600	10	15000	0	0	0	0	0	0
//圣-霸王↓
137	"传说的"	0	200	3	5000	2	200	5	200	6	200	20	40	-1	-1	-1	-1	-1	-1	-1	-1	-1	-1	-1	-1	-1	-1	-1	-1	21	40	15	40	17	40	8	1600	10	15000	0	0	0	0	0	0
//圣-宙斯↓
138	"传说的"	0	200	3	5000	2	200	5	200	6	200	20	40	-1	-1	-1	-1	-1	-1	-1	-1	-1	-1	-1	-1	-1	-1	-1	-1	21	40	15	40	17	40	8	1500	10	15000	0	0	0	0	0	0
//圣-浴血大祭司↓
139	"传说的"	0	200	3	5000	2	200	5	200	6	200	20	40	-1	-1	-1	-1	-1	-1	-1	-1	-1	-1	-1	-1	-1	-1	-1	-1	21	40	15	40	17	40	8	1600	10	15000	0	0	0	0	0	0
//圣-咆哮大祭司↓
140	"传说的"	0	200	3	5000	2	200	5	200	6	200	20	40	-1	-1	-1	-1	-1	-1	-1	-1	-1	-1	-1	-1	-1	-1	-1	-1	21	40	15	40	17	40	8	1600	10	15000	0	0	0	0	0	0

//召-血色天使↓
150	"传说的"	0	200	3	5000	2	200	19	200	7	40	20	40	-1	-1	-1	-1	-1	-1	-1	-1	-1	-1	-1	-1	-1	-1	-1	-1	21	40	15	40	17	40	8	1000	10	10000	0	0	0	0	0	0
//召-灵魂天使↓
151	"传说的"	0	200	3	5000	2	200	19	200	7	40	20	40	-1	-1	-1	-1	-1	-1	-1	-1	-1	-1	-1	-1	-1	-1	-1	-1	21	40	15	40	17	40	8	1000	10	10000	0	0	0	0	0	0
//召-湛蓝天使↓
152	"传说的"	0	200	3	5000	2	200	19	200	7	40	20	40	-1	-1	-1	-1	-1	-1	-1	-1	-1	-1	-1	-1	-1	-1	-1	-1	21	40	15	40	17	40	8	1000	10	10000	0	0	0	0	0	0
//召-暗黑天使↓
153	"传说的"	0	200	3	5000	2	200	19	200	7	40	20	40	-1	-1	-1	-1	-1	-1	-1	-1	-1	-1	-1	-1	-1	-1	-1	-1	21	40	15	40	17	40	8	1000	10	10000	0	0	0	0	0	0
//召-神圣天使↓
154	"传说的"	0	200	3	5000	2	200	19	200	7	40	20	40	-1	-1	-1	-1	-1	-1	-1	-1	-1	-1	-1	-1	-1	-1	-1	-1	21	40	15	40	17	40	8	1000	10	10000	0	0	0	0	0	0
//召-帝国↓
155	"传说的"	0	200	3	5000	2	200	19	200	7	40	20	40	-1	-1	-1	-1	-1	-1	-1	-1	-1	-1	-1	-1	-1	-1	-1	-1	21	40	15	40	17	40	8	1000	10	10000	0	0	0	0	0	0
//召-圣殿↓
156	"传说的"	0	200	3	5000	2	200	19	200	7	40	20	40	-1	-1	-1	-1	-1	-1	-1	-1	-1	-1	-1	-1	-1	-1	-1	-1	21	40	15	40	17	40	8	1000	10	10000	0	0	0	0	0	0
//召-咆哮巫师↓
157	"传说的"	0	200	3	5000	2	200	19	200	7	40	20	40	-1	-1	-1	-1	-1	-1	-1	-1	-1	-1	-1	-1	-1	-1	-1	-1	21	40	15	40	17	40	8	1000	10	10000	0	0	0	0	0	0
//召-飓风↓
158	"传说的"	0	200	3	5000	2	200	19	200	7	40	20	40	-1	-1	-1	-1	-1	-1	-1	-1	-1	-1	-1	-1	-1	-1	-1	-1	21	40	15	40	17	40	8	1000	10	10000	0	0	0	0	0	0

//战-祝福大天使↓
170	"传说降龙的"	19	200	8	1000	-1	-1	-1	-1	-1	-1	-1	-1	-1	-1	-1	-1	-1	-1	-1	-1	-1	-1	-1	-1	-1	-1	-1	-1	20	22	21	22	15	22	17	22	-1	-1	0	0	0	0	0	0
//战-神圣天使↓
171	"传说降龙的"	19	200	8	1000	-1	-1	-1	-1	-1	-1	-1	-1	-1	-1	-1	-1	-1	-1	-1	-1	-1	-1	-1	-1	-1	-1	-1	-1	20	22	21	22	15	22	17	22	-1	-1	0	0	0	0	0	0
//战-灵魂天使↓
172	"传说降龙的"	19	200	8	1000	-1	-1	-1	-1	-1	-1	-1	-1	-1	-1	-1	-1	-1	-1	-1	-1	-1	-1	-1	-1	-1	-1	-1	-1	20	22	21	22	15	22	17	22	-1	-1	0	0	0	0	0	0
//战-蓝色天使↓
173	"传说降龙的"	19	200	8	1000	-1	-1	-1	-1	-1	-1	-1	-1	-1	-1	-1	-1	-1	-1	-1	-1	-1	-1	-1	-1	-1	-1	-1	-1	20	22	21	22	15	22	17	22	-1	-1	0	0	0	0	0	0
//战-王者↓
174	"传说降龙的"	19	200	8	1000	-1	-1	-1	-1	-1	-1	-1	-1	-1	-1	-1	-1	-1	-1	-1	-1	-1	-1	-1	-1	-1	-1	-1	-1	20	22	21	22	15	22	17	22	-1	-1	0	0	0	0	0	0
//战-浴血↓
175	"传说降龙的"	19	200	8	1000	-1	-1	-1	-1	-1	-1	-1	-1	-1	-1	-1	-1	-1	-1	-1	-1	-1	-1	-1	-1	-1	-1	-1	-1	20	22	21	22	15	22	17	22	-1	-1	0	0	0	0	0	0
//战-毁灭↓
176	"传说降龙的"	19	200	8	1000	-1	-1	-1	-1	-1	-1	-1	-1	-1	-1	-1	-1	-1	-1	-1	-1	-1	-1	-1	-1	-1	-1	-1	-1	20	22	21	22	15	22	17	22	-1	-1	0	0	0	0	0	0
//战-寡妇↓
177	"传说降龙的"	19	200	8	1000	-1	-1	-1	-1	-1	-1	-1	-1	-1	-1	-1	-1	-1	-1	-1	-1	-1	-1	-1	-1	-1	-1	-1	-1	20	22	21	22	15	22	17	22	-1	-1	0	0	0	0	0	0
//战-觉醒↓
178	"传说降龙的"	19	200	8	1000	-1	-1	-1	-1	-1	-1	-1	-1	-1	-1	-1	-1	-1	-1	-1	-1	-1	-1	-1	-1	-1	-1	-1	-1	20	22	21	22	15	22	17	22	-1	-1	0	0	0	0	0	0



//法-祝福大天使↓
180	"传说亡灵的"	7	20	8	1000	-1	-1	-1	-1	-1	-1	-1	-1	-1	-1	-1	-1	-1	-1	-1	-1	-1	-1	-1	-1	-1	-1	-1	-1	20	20	21	20	15	20	17	20	-1	-1	0	0	0	0	0	0
//法-神圣天使↓
181	"传说亡灵的"	7	20	8	1000	-1	-1	-1	-1	-1	-1	-1	-1	-1	-1	-1	-1	-1	-1	-1	-1	-1	-1	-1	-1	-1	-1	-1	-1	20	20	21	20	15	20	17	20	-1	-1	0	0	0	0	0	0
//法-灵魂天使↓
182	"传说亡灵的"	7	20	8	1000	-1	-1	-1	-1	-1	-1	-1	-1	-1	-1	-1	-1	-1	-1	-1	-1	-1	-1	-1	-1	-1	-1	-1	-1	20	20	21	20	15	20	17	20	-1	-1	0	0	0	0	0	0
//法-蓝色天使↓
183	"传说亡灵的"	7	20	8	1000	-1	-1	-1	-1	-1	-1	-1	-1	-1	-1	-1	-1	-1	-1	-1	-1	-1	-1	-1	-1	-1	-1	-1	-1	20	20	21	20	15	20	17	20	-1	-1	0	0	0	0	0	0

//弓-祝福大天使↓
190	"传说光明的"	23	20	8	1000	-1	-1	-1	-1	-1	-1	-1	-1	-1	-1	-1	-1	-1	-1	-1	-1	-1	-1	-1	-1	-1	-1	-1	-1	20	20	21	20	15	20	17	20	-1	-1	0	0	0	0	0	0
//弓-神圣天使↓
191	"传说光明的"	23	20	8	1000	-1	-1	-1	-1	-1	-1	-1	-1	-1	-1	-1	-1	-1	-1	-1	-1	-1	-1	-1	-1	-1	-1	-1	-1	20	20	21	20	15	20	17	20	-1	-1	0	0	0	0	0	0
//弓-灵魂天使↓
192	"传说光明的"	23	20	8	1000	-1	-1	-1	-1	-1	-1	-1	-1	-1	-1	-1	-1	-1	-1	-1	-1	-1	-1	-1	-1	-1	-1	-1	-1	20	20	21	20	15	20	17	20	-1	-1	0	0	0	0	0	0
//弓-蓝色天使↓
193	"传说光明的"	23	20	8	1000	-1	-1	-1	-1	-1	-1	-1	-1	-1	-1	-1	-1	-1	-1	-1	-1	-1	-1	-1	-1	-1	-1	-1	-1	20	20	21	20	15	20	17	20	-1	-1	0	0	0	0	0	0

//圣-祝福大天使↓
200	"传说黑暗的"	19	200	8	1000	-1	-1	-1	-1	-1	-1	-1	-1	-1	-1	-1	-1	-1	-1	-1	-1	-1	-1	-1	-1	-1	-1	-1	-1	20	20	21	20	15	20	17	20	-1	-1	0	0	0	0	0	0
//圣-神圣天使↓
201	"传说黑暗的"	19	200	8	1000	-1	-1	-1	-1	-1	-1	-1	-1	-1	-1	-1	-1	-1	-1	-1	-1	-1	-1	-1	-1	-1	-1	-1	-1	20	20	21	20	15	20	17	20	-1	-1	0	0	0	0	0	0
//圣-灵魂天使↓
202	"传说黑暗的"	19	200	8	1000	-1	-1	-1	-1	-1	-1	-1	-1	-1	-1	-1	-1	-1	-1	-1	-1	-1	-1	-1	-1	-1	-1	-1	-1	20	20	21	20	15	20	17	20	-1	-1	0	0	0	0	0	0
//圣-蓝色天使↓
203	"传说黑暗的"	19	200	8	1000	-1	-1	-1	-1	-1	-1	-1	-1	-1	-1	-1	-1	-1	-1	-1	-1	-1	-1	-1	-1	-1	-1	-1	-1	20	20	21	20	15	20	17	20	-1	-1	0	0	0	0	0	0
//圣-寡妇↓
204	"传说黑暗的"	19	200	8	1000	-1	-1	-1	-1	-1	-1	-1	-1	-1	-1	-1	-1	-1	-1	-1	-1	-1	-1	-1	-1	-1	-1	-1	-1	20	20	21	20	15	20	17	20	-1	-1	0	0	0	0	0	0
//圣-觉醒↓
205	"传说黑暗的"	19	200	8	1000	-1	-1	-1	-1	-1	-1	-1	-1	-1	-1	-1	-1	-1	-1	-1	-1	-1	-1	-1	-1	-1	-1	-1	-1	20	20	21	20	15	20	17	20	-1	-1	0	0	0	0	0	0

//召-祝福大天使↓
210	"传说封印的"	7	20	8	1000	-1	-1	-1	-1	-1	-1	-1	-1	-1	-1	-1	-1	-1	-1	-1	-1	-1	-1	-1	-1	-1	-1	-1	-1	20	20	21	20	15	20	17	20	-1	-1	0	0	0	0	0	0
//召-神圣天使↓
211	"传说封印的"	7	20	8	1000	-1	-1	-1	-1	-1	-1	-1	-1	-1	-1	-1	-1	-1	-1	-1	-1	-1	-1	-1	-1	-1	-1	-1	-1	20	20	21	20	15	20	17	20	-1	-1	0	0	0	0	0	0
//召-灵魂天使↓
212	"传说封印的"	7	20	8	1000	-1	-1	-1	-1	-1	-1	-1	-1	-1	-1	-1	-1	-1	-1	-1	-1	-1	-1	-1	-1	-1	-1	-1	-1	20	20	21	20	15	20	17	20	-1	-1	0	0	0	0	0	0
//召-蓝色天使↓
213	"传说封印的"	7	20	8	1000	-1	-1	-1	-1	-1	-1	-1	-1	-1	-1	-1	-1	-1	-1	-1	-1	-1	-1	-1	-1	-1	-1	-1	-1	20	20	21	20	15	20	17	20	-1	-1	0	0	0	0	0	0

//魔-祝福大天使↓
220	"传说炼魔的"	19	200	8	1000	-1	-1	-1	-1	-1	-1	-1	-1	-1	-1	-1	-1	-1	-1	-1	-1	-1	-1	-1	-1	-1	-1	-1	-1	20	20	21	20	15	20	17	20	-1	-1	0	0	0	0	0	0
//魔-神圣天使↓
221	"传说炼魔的"	19	200	8	1000	-1	-1	-1	-1	-1	-1	-1	-1	-1	-1	-1	-1	-1	-1	-1	-1	-1	-1	-1	-1	-1	-1	-1	-1	20	20	21	20	15	20	17	20	-1	-1	0	0	0	0	0	0
//魔-灵魂天使↓
222	"传说炼魔的"	19	200	8	1000	-1	-1	-1	-1	-1	-1	-1	-1	-1	-1	-1	-1	-1	-1	-1	-1	-1	-1	-1	-1	-1	-1	-1	-1	20	20	21	20	15	20	17	20	-1	-1	0	0	0	0	0	0
//魔-蓝色天使↓
223	"传说炼魔的"	19	200	8	1000	-1	-1	-1	-1	-1	-1	-1	-1	-1	-1	-1	-1	-1	-1	-1	-1	-1	-1	-1	-1	-1	-1	-1	-1	20	20	21	20	15	20	17	20	-1	-1	0	0	0	0	0	0
//魔-寡妇↓
224	"传说炼魔的"	19	200	8	1000	-1	-1	-1	-1	-1	-1	-1	-1	-1	-1	-1	-1	-1	-1	-1	-1	-1	-1	-1	-1	-1	-1	-1	-1	20	20	21	20	15	20	17	20	-1	-1	0	0	0	0	0	0
//魔-觉醒↓
225	"传说炼魔的"	19	200	8	1000	-1	-1	-1	-1	-1	-1	-1	-1	-1	-1	-1	-1	-1	-1	-1	-1	-1	-1	-1	-1	-1	-1	-1	-1	20	20	21	20	15	20	17	20	-1	-1	0	0	0	0	0	0
end